052721
053907
154206
719909
543589
325504
052520
916032
054089
308249
061079
912686
012037
404937
420848
199659
317823
052640
158074
056270
825691
919486
955937
054020
310911
053684
301847
855811
116264
052590
942714
697217
636340
053729
575087
593622
054514
944763
054357
649841
672716
054062
983953
054496
158970
667188
301847
021495
371832
122892
989426
053221
185597
054786
037703
246826
043361
052506
052507
423542
052864
052581
975489
052896
052768
837417
872515
421451
204100
769006
053136
996453
044505
420848
052937
053967
330712
053577
054012
500455
721149
940737
052878
886184
943141
548240
153917
996269
733223
543589
671083
052761
827400
141500
500812
027305
044994
054044
285124
054731
035721
053279
996269
189746
044836
053725
125181
747219
054349
989426
871561
054766
022154
053518
653548
035524
053945
749711
289377
500455
236189
052493
052893
052777
053441
827400
676824
039505
052654
054403
993934
053677
054685
416409
054447
677005
841513
052894
537092
054345
544171
905598
490374
052926
743736
052668
163249
054273
053316
053929
317823
285893
037774
053904
054231
052509
531140
776171
052852
053308
687723
226657
163249
052657
054382
052982
308439
925469
053300
431145
052609
293165
182860
940737
052886
054208
053999
300379
053895
053442
052547
052895
847174
752296
054720
925108
922675
901236
244802
905598
052663
052604
912686
046275
782249
054751
123129